value
-1.6885316966157125
-2.8041744718750876
0.8881276488812702
-1.2760095399081708
0.5980265392565784
1.0226066428875256
7.289381073027738
-1.3349887631891062
0.2064263690468201
0.4458440176816293
0.37795816237795204
-2.017082422335239
-2.5703505549804495
-0.5986927948349273
-0.01399415820722936
1.9917438943473889
-0.6234272419220124
-2.4226698665666233
2.683497690362809
0.28682525244599844
3.5889587205274913
-2.1802867967569752
-1.019488955626807
0.6976291168042065
0.06739783933943615
-1.2911602692433477
-1.5088140694646213
-0.3158444907322652
0.6749968845354745
1.6036976775490044
1.2428357265081311
-1.4820474205526788
2.589676856097249
-5.363369143253261
-0.012122290378388944
-4.004721952137523
8.526834498206327
0.6093090609308649
0.435643817286556
-0.7264113442057253
-1.6784512961885505
-3.781812171403681
2.6451526569819572
-3.2980146851565553
-1.6604692752196029
6.786685219235688
-1.2091361961503013
-1.254393807282373
0.91961410039383
-0.03796740909121452
-1.0244326565910045
-1.3274699065296611
4.011922643084403
-0.9787611927530125
1.6036714903420417
4.375583446904925
4.074274557451359
1.0150420722228093
-0.35624244431864793
1.3109770729415757
-0.11831908163050067
-1.8377668383638832
1.091437187643739
0.17852864876876506
-26.231332207055274
1.4760815566084633
0.48392229560695804
-2.002306690174803
-1.1135208602167461
2.2935764366663145
2.538467693613489
-0.23840404154767028
-1.8642920125571514
0.22644912213164298
-0.6063991788764147
-3.067145436589148
-1.1656730264399486
-0.4762768659250368
3.327133525742862
-0.9593962185391247
-4.367502981974713
1.9896106319035833
-1.3239126314770784
1.4537342911948679
-0.089866493651306
1.3093908043086215
-6.239594694167233
-8.371235039191076
4.928385894586386
-2.0290209936847963
0.30897545424153094
-1.1515978586260376
-1.7395113559922497
-0.46874179637770697
1.7249786026257252
-1.2876625374235962
1.720043221426758
-1.785827619896482
2.4919223646839304
2.369982275074044
-4.17361933373094
2.4730467794131097
0.6713030550041745
-0.8455812850151591
1.3476728815123566
1.7884488070461846
-6.0821660585711985
3.8304450710298816
4.839902163723201
-4.419083587653246
-3.7996618333509278
-3.3963851770790816
-2.1638263887784244
0.26266622465507594
0.5943168954423828
3.2256041280986674
1.8400406649064165
3.686524076994993
-2.369725857548547
3.6692767005049483
-1.391191825060709
-2.4839995910290082
4.8495063479271465
1.3757248377594686
1.2982448954115102
1.2755754754796949
-0.3729047911227518
-2.7633524163679035
0.3357232814091444
-3.0275024610420043
-1.944304447981006
-1.5601279792687641
0.8873049975471253
4.6892633121967595
0.04154870350198348
-0.41443347159259153
-1.9966019675191844
1.378008458819375
84.86184790244532
-0.4826503165095194
-0.9889649667239526
3.9281988660402924
-0.10837410559482176
-1.0625182238590491
-2.276035126949999
-4.084998520800216
-1.5176232823973115
1.9195728307568003
2.5595505024186225
-1.2793435915607956
-2.4968747689917867
0.6450094764889134
-2.0282616425755733
-0.9668179409257651
1.451800813157077
-2.5539039180316943
0.5814803600522747
-2.515553437520634
0.7898236924571188
-2.3240321035535314
2.715849704978927
-1.501727552361961
2.6364800515941056
-2.0369121966267656
-2.1297917860927185
-0.6562358368388642
4.550692173655986
-4.690612862175672
-2.2201592710911067
-4.265744504078843
1.395003338995275
-4.588777116950221
-4.008496320380868
3.001782341372034
-0.9244063323903274
-0.5916668230372698
4.632012635397446
1.2737276958493389
3.4916241451250483
-0.7689839607462715
-2.222212469637003
-0.06871493377499469
-0.5399136225377906
-3.160590825442181
-1.3982118081829586
-0.6585343218065289
0.9169375261583401
-1.8320245707879612
-2.4156497919495368
1.0175474311817492
-2.3870055216179127
-0.2309125421859704
-0.9603692711759289
1.574770714546793
-0.11260192674592909
-2.589759555206477
-0.6635879189068025
-5.079337397620743
-2.7896083398135527
0.018137004188066106
-2.5575098306471022
-0.9350826923389024
0.18745972308130435
-0.11633043922206883
-4.400466827483362
2.7919959945944557
-0.1335303816091493
1.406907476454048
-0.7472004625010037
1.2791577406784667
0.7910018338655586
2.5442561468354694
3.457930336167046
-2.8039845103708254
-2.0900648477149213
-0.502167327921732
1.8011439388238542
-0.0634113982582243
-4.206432646932304
-2.050680744571342
1.7379063610911776
-0.796622993399845
-0.8805206366211876
-0.9787438321815873
-1.0849688420527284
-0.9599248062743098
-0.7433015165689154
-0.7167431012654344
-0.3968759355237398
0.46854903976771106
-2.868451111996412
1.3006259456186124
3.4544610970894483
-0.681845701615815
1.7324495196936787
-4.616690918084711
0.46772958522593544
1.218197929333366
-2.504597450758355
-5.317881560106725
-0.43707537971099725
-1.3486250704378795
2.7206156883517134
2.7285906339646893
1.5974057098833958
2.617270245359945
-3.0689347288047895
-2.611942664465797
0.44448501663619905
0.2239663064897863
-1.2785310480247685
-2.0605834115187873
1.9037192429678447
1.1071000878751855
0.31303603780160777
1.5572018659991274
1.8283426103944767
-0.2565670223851108
3.8287712010453574
-3.5799957480098437
-0.08374099775653268
-1.9935562505442035
1.9497452479911448
3.255458984816496
-1.0768619701406685
0.25643570810584737
16.749423991790117
2.3877532769928558
-0.612885378743187
1.615982635308254
3.635500554053463
-0.20736848161873478
1.394735858108393
6.681935554692163
1.3514498242923143
-3.42565884314547
-0.6564255029322726
2.805464408659759
-3.246944600624251
0.26990422840931555
-1.6509738294005205
-1.884133998739188
2.2815096966668125
-1.3742495707657265
4.399044110660814
-1.8112275302898457
0.7713287798091495
-3.741685838010343
4.239411542321246
-2.3628862301075912
0.10605028129619123
-1.0600123279384375
-0.42263699927306886
-1.5403924976280672
2.1031979088437773
-3.707694747579747
-0.9871236931280702
-1.5375779883288598
2.2445792023200895
0.14862624261620652
1.3839185600632695
0.5110579572101249
4.3659824231424365
2.8251531003487433
-0.8792539984383764
-2.0293121735190955
5.17818235261792
2.5730259054722695
1.625403171287442
1.6966991692398417
-2.8346710837793583
-2.1978575367083972
-1.392860242468112
4.110486266444086
-4.288885274259841
0.7842653582739595
-4.580820929109382
0.6216579237337971
1.279383815595987
0.39611541375740067
0.485508812418295
-2.7356056211662074
0.7143684791459325
-0.45541107839817324
-0.2010682018376925
0.009856946124385157
20.075552979863104
1.5206755822478766
-1.9241721551507713
0.42416868318085743
-2.215008163669343
-1.3225004192744503
1.8087380787344025
-1.6192845734544832
1.2461402179855237
-1.4010359768308562
2.6072458744266114
0.03957611845422253
0.9326940464103993
-0.0810334448303935
0.9166243767994782
-5.1348133170575645
0.2505108677037949
-0.40617970201284903
-1.8312157860968359
0.4705039915864315
-1.663477744816432
-1.6062391005895877
1.3707705322022428
0.08715024144925547
-5.230529601109901
1.8537340492969292
-0.05889869841769017
-3.3883813556502758
3.1005052528654753
-3.224033550807694
0.7839840138982197
-2.255976558530026
0.07413561293115795
0.8879543250434226
2.8403449367948292
-1.5788332640146279
-2.6946309648488134
0.9874624783417485
0.7172084670981592
-3.011038787891234
0.7899320312878438
0.45508307770833994
-3.5293131666538864
1.9425619440394095
0.7453396107204954
3.3752976845793747
2.661757428547772
-92.61111484151506
-3.7618583094413287
-1.0803207398754802
-0.28219391512663405
3.9502910229663746
-3.5796888124755872
3.061518778431377
3.0963610557040946
2.3839055458035676
-2.875392174090883
-0.8392836459613111
-2.1431494113648077
0.6490778155239605
-0.5883629716531061
0.9509963747340276
2.2237189899753154
0.5238869653355086
2.749251670934233
2.6102187348037673
1.467172301204071
14.610353784162378
-0.20375833467088952
4.671773331181562
0.1520259255543275
-2.1517598266944713
2.614978732372161
-2.1501459531690195
2.866100778963127
-0.07350334075890509
-1.3264695166567995
-1.933421644154011
-4.500176390610522
0.11695607794086511
2.7678081130600227
0.3062187724783065
-1.844459063736787
0.019722780474883704
-1.0133876343667554
1.6871804304834956
0.17025042424797215
-2.0662100379127475
-3.133035572654998
-0.05330839566470144
2.6786287981144454
0.5786262048818552
-1.8971454940439882
0.8996670995138853
2.7735801574805454
-3.3567489445057803
-1.1741250344066956
1.5366642991736867
0.7693008167127107
-0.45688626231226165
0.5370988715420181
1.237557045806768
-0.26936807672274815
-0.6869898319504175
16.797260404460232
-0.047628983335149845
3.9825424601294186
1.6037984373675203
0.8001782476222982
1.8240636297570472
-2.61917101940173
-1.7281563031800633
-0.6258432702163859
-2.9612973721059896
0.9379519467689789
-4.208538634086216
2.979945538942897
-3.8218686723721187
-0.6684723098389895
3.376787266337652
0.5457178221807073
417.79710571507127
-1.5160746500793911
5.304850596024734
-2.05075661173344
0.4562449241730913
-0.9890263457014695
1.3364677438942192
-3.5822047254884364
-1.1097638410770343
1.284525978568509
2.500221244939927
-2.084875587192699
-5.275078985040663
-0.5670070569117759
-2.548283497495244
-2.437357050325943
1.7228019814056472
4.4909186731249475
-3.964209554825408
2.573103888006195
0.5531174359399578
1.1407554405165374
-4.184840152725226
-0.6113591210721461
-2.6682517999580204
-3.0249398003768677
1.3153384562732984
1.5501966921334531
1.8263206157466823
-0.24951697344526255
-1.4434185886129165
2.531946544551284
-1.1209281379584553
4.537588880897441
98.2355549015905
-3.40970043717374
0.05402676371195835
-2.951231513116833
-0.2630134377271497
1.4763071847924698
-1.3001813101276027
1.433842239352405
0.84566191299219
-2.7932041519913877
2.3775950006293987
2.234404283601995
-1.1648585174078168
-0.48774830943591585
0.2751532409964387
41.09460328796437
-1.4463692877975418
-0.5236356524945037
-0.3952748586710569
0.8695488224958436
1.5841973868180816
-2.4623697756897642
-3.564272970293264
1.3948867936242935
-2.9027272718183723
1.155859319242146
3.5388463707749356
-2.347904142946824
0.6885534486271014
2.8676265389575257
-1.292358086674429
-1.0576283628350382
3.706066507775024
-2.471992273661257
-1.7636809073978736
-1.2902464741610509
3.709329971537951
1.0150531482174674
2.219231743156405
-1.003655265880116
-0.5180528473451074
-1.0671821487575646
2.533315845134207
-2.4902124352612076
-2.189615802927316
-5.517775168251732
-0.5904937989230543
0.19392915051063322
-0.24090848736176143
-0.9520321727052719
0.3510313831696189
-1.676239056631869
1.8698363072361397
0.22503751427657945
3.73296208127608
-0.6712686743828467
0.34033220866297936
-1.6519962080664954
-1.8188893438000764
-1.418940329629559
-0.39503484697155045
1.5050439945628586
-0.5884103086773748
-0.16023969828865
-0.9859892883984105
-3.3334645642854626
-4.149964438144593
4.24739352564664
-4.246526242373389
1.408796863500227
1.2777931062374346
5.27469352724065
0.04970818154869682
-5.024258569753305
-3.083847174757857
3.1474905398537003
2.311815482102755
4.648041313969255
-2.9047928725838372
0.0446265601157512
-2.82199816078444
1.2464308685961396
-0.4836308175227851
-1.5158357085889018
-1.4727002624477052
-0.7467179953664143
-8.728343958305038
2.744516477563411
-5.2452448302336565
-1.3554700085240523
-2.022320436962595
1.2793905054197703
-1.7506936509538746
-1.8268790184750305
0.9516418501822591
-2.6738410369595167
2.31503175211741
0.16696015378313034
3.7111514890254864
-0.20034434505819776
0.3714869216012769
-1.1395027715957549
2.237696357864252
0.3251699350967039
3.1482107693375316
2.9577558481544917
-0.07239116206067085
-0.02046165045479869
-1.791764092059731
0.10936599136866383
-0.23483167912280292
1.0916122699413537
2.0318658635173534
2.614015403229522
1.2780779224809125
-0.659573843011896
1.5169378060047678
4.461045442636938
-2.148132517537975
1.591207266359657
-2.4320174510660006
0.8577205339908277
3.826749578503957
1.618263780016765
-0.8123390633294562
-1.939870914962807
1.9296487170095178
-0.5394594592552395
2.0764481069206506
-0.7331875030646271
-0.8283056000035778
-5.248689572281992
-0.9682344390562517
-1.023886586122299
1.0107930370939684
-0.0965073407214157
0.5813793030129315
-2.6927924367268887
0.827810969834103
-5.216113943946997
1.6053369556943446
-1.7348822153250945
1.7669304952518388
-3.2748500984445568
-2.6356584184572722
-0.01386263036967688
0.01625024016465629
1.2039827768932576
-1.2586580553368396
-0.3151851003043915
-3.682868420548475
-1.056953822293586
0.40570853262646855
3.9652204685483747
-1.7184795377453295
-2.5953975485857232
1.4319984361983427
-3.168886322580425
0.4047240888459111
11.795657551167068
-0.676079062557228
-0.25132492374250154
-0.782515201965521
4.633683014884737
-1.6925448602971962
0.2937114403292178
-0.4643566314181756
0.40102747820101137
1.0479662092867155
1.4086462508438315
0.08005316147898668
0.03634432642881948
0.781438752492364
0.8635341555733038
-0.965680989338619
1.7407308903751113
0.780257497385212
-2.0655309178483776
1.9205662205889262
-1.8234805737642583
0.32620100245231115
-2.0665119503692333
-2.980876960645505
0.8262327821077408
-0.8591216837392818
-3.1479958281605023
-1.8863329313036221
-2.871228149803569
1.9545268366743274
0.8661818043579046
0.9074164224554581
-1.074908504433068
-1.1076928798707262
1.90963613561498
-0.7820417010169917
-0.14568216051055413
-2.3506470138313404
-2.332243010428651
3.363494536238579
-4.340231865895795
5.674736895565903
0.8155869110386177
3.3709323291407305
-2.525658445340511
-3.2862922439981896
-2.133115269163247
0.9162961829361619
3.6691364704829685
0.8499574525303712
-2.3044154697107966
-1.5209156393744758
3.1583998175634873
1.2727603655246502
0.34770029732017393
0.6098504800757476
3.483852978659114
-1.9614232170777748
3.7009468482549965
-1.8358250753529985
2.0192990658319374
1.1864248039506755
5.192865387507457
-3.2949210931860566
-2.9190836530622124
-0.5424981477825345
-1.7918895592836557
0.7432550110698074
-0.5486786263031176
-1.9778427660609814
-0.84945745760095
-2.07697561968061
-2.286607832954145
-2.489859375160474
-3.8919989192622055
-1.14952665260576
-1.3786327244413594
-2.744234456291942
-2.730436831396175
3.0641274624641888
1.5596076420829035
5.508732044357726
-0.6094436181213438
-2.2683168837378345
0.43389980720242854
1.164465805559017
-2.5083706784202815
4.34737661329611
0.9209315908397927
2.4036718357593627
1.3688015317302245
1.0093625507869108
-2.866418054920628
0.15088887126583314
-0.8956735124910591
-0.298243923782482
1.9690371968009406
-2.929480262474935
1.1269806512532838
3.598172223006101
-0.3307005551049425
1.5724043943667552
1.9265565081126386
1.6437137667995385
2.0405683724697705
-2.4873400451108636
-2.749578951543785
-0.06025497861489278
-0.26822153427960915
1.3917464497184635
-1.7674977559697718
0.3207061518047081
-0.38298342115414263
3.0590098201103344
2.862770348286267
-0.4849035844962939
-7.022190855112061
-1.6155346624527087
-2.0528565413442332
-1.0161359758816355
-0.3730271442841945
0.5583319111731446
1.6058673055320989
3.7915568516162677
-1.2626388246435487
-3.191229406030243
0.7123844173243843
3.406363845943243
